
-39317
-197
1566
3723
3077
-14993
1547
2022
3886
3104
-16158
2297
2359
3868
808
-14318
3078
3685
3095
3827
-14764
3263
3288
2314
3112
3303
2870
2478
3782
-1140
-10570
3880
2619
-42
-134
-6572
-536
3737
3504
-6920
-5205
-5188
190
-7540
-433
-9244
1248
4028
3121
3826
3746
4136
4716
-1713
3255
-7663
4610
-2309
2933
-2580
-809
1525
2401
-286
-2728
866
-775
2145
3553
-2480
-10637
45
3566
3730
3033
2429
4115
3657
-588
-915
-1310
1205
-6019
2679
2256
-5272
1221
2798
-284
-3589
-3375
576
2602
-3724
-3507
-324
-2549
3541
2723
3489
1767
1608
1964
589
-3205
1907
2841
-3204
3354
-2207
-2507
-73
203
-2521
1176
-5205
2386
-7108
-2212
-6706
-7127
-64
4110
1420
2191
-607
4569
4613
681
1753
2725
3033
-2564
-1322
-11869
4147
3689
3324
-15520
2749
-130
-1659
-3325
-3335
5518
-2913
4492
-619
-1265
-7228
2331
5682
5475
-1126
-2128
6416
-2450
974
4664
5586
-12199
-6141
-419
5003
5346
-10951
511
-4374
-539
-193
-5170
-4529
6252
6359
5728
-5597
-6300
1007
1867
6988
5705
4802
6339
6384
1831
-24870
4549
-414
-3936
-9986
-5631
4651
6815
-6011
5570
6890
-14564
7836
4200
3577
3638
4088
3760
4367
1877
6774
7386
5410
2103
-15035
-6363
6240
-2786
-2674
975
-2548
-3492
4276
369
1891
5157
-4542
6082
3856
-1149
2301
4851
-13004
-13097
-15900
4894
1522
9055
8290
-4421
-3851
-666
-2442
7420
10029
5835
5835
8893
9919
9213
8822
5390
7367
5983
