
43038
4174
2583
502
999
19071
2501
1995
285
1014
20234
1754
1888
285
3397
18463
1013
475
998
223
18880
766
753
1768
843
708
1318
1683
483
5430
14621
258
1448
4198
4534
10487
4531
239
486
11151
9273
9273
3835
12139
5304
13839
3478
515
1566
746
1038
552
254
6554
1449
12260
0
7132
1597
7620
5490
3110
2277
5196
7521
3461
5301
2001
1081
6522
14687
4121
493
251
980
1723
230
486
4586
5151
5185
2848
10107
1476
1641
9296
2768
1243
4195
7506
7235
3314
1685
7731
8139
4262
6473
470
1246
622
2489
2489
2142
3624
7500
2068
1359
7088
717
6428
6546
4067
4065
6901
3012
9494
1825
11692
6880
11440
12013
4792
472
3308
2693
5447
277
237
3713
3084
1821
1549
7114
6285
17190
1218
1535
2011
21154
2511
6087
7440
9232
8104
237
8360
768
6434
6434
13409
3501
291
849
6902
8834
0
8871
5888
746
567
18334
12631
6936
965
504
17512
6007
10979
6628
6628
11822
11822
1061
596
322
12399
13565
6192
5077
700
1246
1589
250
241
5072
31990
2148
7884
11300
18341
13141
3271
244
13783
1316
885
22076
0
3252
4462
2972
2654
3553
2878
5501
463
0
1827
5491
21802
13641
1042
10116
9345
5533
9605
9605
2553
6062
3766
454
11575
0
2376
7258
3934
1470
21467
21467
23885
3435
7465
0
1079
12902
13975
10796
12884
2478
289
4295
4295
1220
0
608
726
1974
0
512
